Fall:    0.734540536503309 0.276197116177916 0.679867285358836 0.287761537288139 2.49039263310775 0.217854192173919 0.27603305491237
Summer:  0.915168725694453 0.387394607798334 0.818656212512012 0.26331241192102 2.59650289060609 0.291492311797478 0.38728857396364
Spring:  1.00067117446169 0.415830279693392 0.922395934245754 0.27134351194108 2.52246988438854 0.341412974206245 0.415767574380558
842
